0.00558637
-1.6678e-05
0.00204453
0.0711393
-0.00135737
3.35817
-0.000916876
-0.000957261
-0.00193582
-1.48732
-0.000234868
-4.21938
0.501363
0.0665533
-0.292248
0.0361189
0.0844144
-0.0316035
0.0127795
-0.00765338
-0.00558571
-0.0172858
0.00562492
-0.0109868
-0.00136111
-0.0227562
-0.0825309
-0.131062
-0.442795
0.354401
0.266398
1.46761
-0.743354
-0.281164
0.169887
0.262849
-0.0505789
0.00516085
0.0138543
-0.0102862
0.0080712
0.00012668
-0.0031432
0.00186596
0.00371999
-0.0688746
0.324525
0.79521
1.88847
2.09861
1.51523
0.394032
0.477188
-0.0952926
0.374847
0.253683
0.840265
-2.89614
4.2625e-10